MEANS
-----
                   direct   opt2   opt3    opt4    opt5    optu
n_patients use_wt                                              
10         0        4.496  0.560  0.750   0.818   0.836   0.836
           1        1.616  0.360  0.498   0.554   0.568   0.578
20         0        9.086  1.420  2.026   2.256   2.358   2.378
           1        3.238  0.956  1.464   1.742   1.908   2.100
50         0       22.348  4.968  7.206   8.198   8.602   8.704
           1        8.348  4.980  8.144  10.416  11.986  15.636

STANDARD DEVIATIONS
-------------------
                     direct      opt2      opt3      opt4      opt5      optu
n_patients use_wt                                                            
10         0       1.668398  0.975861  1.329298  1.470101  1.518458  1.518458
           1       1.174437  0.789713  1.064077  1.210791  1.255599  1.298957
20         0       2.246932  1.506033  2.128470  2.371014  2.486403  2.511520
           1       1.686132  1.305938  1.851367  2.202075  2.434623  2.805306
50         0       3.481830  2.716936  3.759765  4.157567  4.256740  4.261538
           1       2.543981  2.908008  4.238773  5.287993  5.932300  7.048892
