instances/10-100.txt	1	10	2.0	2.0	2.0	2.0	2.0	1
instances/10-101.txt	1	10	0.0	0.0	0.0	0.0	0.0	0
instances/10-102.txt	1	10	4.0	4.0	4.0	4.0	4.0	2
instances/10-103.txt	1	10	2.0	2.0	2.0	2.0	2.0	1
instances/10-104.txt	1	10	2.0	2.0	2.0	2.0	2.0	1
instances/10-105.txt	1	10	4.0	4.0	4.0	4.0	4.0	2
instances/10-106.txt	1	10	6.0	6.0	6.0	6.0	6.0	1
instances/10-107.txt	1	10	14.0	10.0	12.0	14.0	14.0	3
instances/10-108.txt	1	10	4.0	4.0	4.0	4.0	4.0	2
instances/10-109.txt	1	10	10.0	10.0	10.0	10.0	10.0	5
instances/10-110.txt	1	10	2.0	2.0	2.0	2.0	2.0	1
instances/10-111.txt	1	10	4.0	4.0	4.0	4.0	4.0	2
instances/10-112.txt	1	10	2.0	2.0	2.0	2.0	2.0	1
instances/10-113.txt	1	10	4.0	4.0	4.0	4.0	4.0	2
instances/10-114.txt	1	10	10.0	6.0	8.0	10.0	10.0	1
instances/10-115.txt	1	10	4.0	4.0	4.0	4.0	4.0	2
instances/10-116.txt	1	10	6.0	6.0	6.0	6.0	6.0	3
instances/10-117.txt	1	10	12.0	4.0	10.0	12.0	12.0	2
instances/10-118.txt	1	10	2.0	2.0	2.0	2.0	2.0	1
instances/10-119.txt	1	10	4.0	4.0	4.0	4.0	4.0	2
instances/10-120.txt	1	10	8.0	8.0	8.0	8.0	8.0	4
instances/10-121.txt	1	10	0.0	0.0	0.0	0.0	0.0	0
instances/10-122.txt	1	10	6.0	6.0	6.0	6.0	6.0	3
instances/10-123.txt	1	10	2.0	2.0	2.0	2.0	2.0	1
instances/10-124.txt	1	10	4.0	4.0	4.0	4.0	4.0	2
instances/10-125.txt	1	10	6.0	6.0	6.0	6.0	6.0	3
instances/10-126.txt	1	10	4.0	4.0	4.0	4.0	4.0	2
instances/10-127.txt	1	10	4.0	4.0	4.0	4.0	4.0	2
instances/10-128.txt	1	10	4.0	4.0	4.0	4.0	4.0	2
instances/10-129.txt	1	10	12.0	8.0	10.0	12.0	12.0	2
instances/10-130.txt	1	10	0.0	0.0	0.0	0.0	0.0	0
instances/10-131.txt	1	10	6.0	6.0	6.0	6.0	6.0	3
instances/10-132.txt	1	10	0.0	0.0	0.0	0.0	0.0	0
instances/10-133.txt	1	10	0.0	0.0	0.0	0.0	0.0	0
instances/10-134.txt	1	10	2.0	2.0	2.0	2.0	2.0	1
instances/10-135.txt	1	10	-0.0	0.0	0.0	0.0	0.0	0
instances/10-136.txt	1	10	2.0	2.0	2.0	2.0	2.0	1
instances/10-137.txt	1	10	4.0	4.0	4.0	4.0	4.0	2
instances/10-138.txt	1	10	2.0	2.0	2.0	2.0	2.0	1
instances/10-139.txt	1	10	12.0	8.0	10.0	12.0	12.0	2
instances/10-140.txt	1	10	16.0	4.0	6.0	8.0	10.0	0
instances/10-141.txt	1	10	4.0	4.0	4.0	4.0	4.0	2
instances/10-142.txt	1	10	4.0	4.0	4.0	4.0	4.0	2
instances/10-143.txt	1	10	8.0	6.0	8.0	8.0	8.0	1
instances/10-144.txt	1	10	2.0	2.0	2.0	2.0	2.0	1
instances/10-145.txt	1	10	4.0	4.0	4.0	4.0	4.0	2
instances/10-146.txt	1	10	4.0	4.0	4.0	4.0	4.0	2
instances/10-147.txt	1	10	4.0	4.0	4.0	4.0	4.0	2
instances/10-148.txt	1	10	8.0	8.0	8.0	8.0	8.0	2
instances/10-149.txt	1	10	2.0	2.0	2.0	2.0	2.0	1
instances/10-150.txt	1	10	2.0	2.0	2.0	2.0	2.0	1
instances/10-151.txt	1	10	2.0	2.0	2.0	2.0	2.0	1
instances/10-152.txt	1	10	4.0	4.0	4.0	4.0	4.0	2
instances/10-153.txt	1	10	6.0	4.0	6.0	6.0	6.0	0
instances/10-154.txt	1	10	2.0	2.0	2.0	2.0	2.0	1
instances/10-155.txt	1	10	10.0	6.0	8.0	10.0	10.0	1
instances/10-156.txt	1	10	10.0	10.0	10.0	10.0	10.0	5
instances/10-157.txt	1	10	4.0	4.0	4.0	4.0	4.0	2
instances/10-158.txt	1	10	4.0	4.0	4.0	4.0	4.0	2
instances/10-159.txt	1	10	6.0	6.0	6.0	6.0	6.0	1
instances/10-160.txt	1	10	4.0	4.0	4.0	4.0	4.0	2
instances/10-161.txt	1	10	2.0	2.0	2.0	2.0	2.0	1
instances/10-162.txt	1	10	8.0	2.0	8.0	8.0	8.0	1
instances/10-163.txt	1	10	-0.0	0.0	0.0	0.0	0.0	0
instances/10-164.txt	1	10	4.0	4.0	4.0	4.0	4.0	2
instances/10-165.txt	1	10	2.0	2.0	2.0	2.0	2.0	1
instances/10-166.txt	1	10	2.0	2.0	2.0	2.0	2.0	1
instances/10-167.txt	1	10	6.0	6.0	6.0	6.0	6.0	3
instances/10-168.txt	1	10	10.0	6.0	8.0	10.0	10.0	1
instances/10-169.txt	1	10	0.0	0.0	0.0	0.0	0.0	0
instances/10-170.txt	1	10	6.0	6.0	6.0	6.0	6.0	3
instances/10-171.txt	1	10	8.0	8.0	8.0	8.0	8.0	2
instances/10-172.txt	1	10	6.0	6.0	6.0	6.0	6.0	3
instances/10-173.txt	1	10	2.0	2.0	2.0	2.0	2.0	1
instances/10-174.txt	1	10	10.0	10.0	10.0	10.0	10.0	3
instances/10-175.txt	1	10	0.0	0.0	0.0	0.0	0.0	0
instances/10-176.txt	1	10	2.0	2.0	2.0	2.0	2.0	1
instances/10-177.txt	1	10	0.0	0.0	0.0	0.0	0.0	0
instances/10-178.txt	1	10	2.0	2.0	2.0	2.0	2.0	1
instances/10-179.txt	1	10	2.0	2.0	2.0	2.0	2.0	1
instances/10-180.txt	1	10	0.0	0.0	0.0	0.0	0.0	0
instances/10-181.txt	1	10	6.0	6.0	6.0	6.0	6.0	3
instances/10-182.txt	1	10	8.0	8.0	8.0	8.0	8.0	2
instances/10-183.txt	1	10	4.0	4.0	4.0	4.0	4.0	2
instances/10-184.txt	1	10	12.0	6.0	8.0	10.0	12.0	1
instances/10-185.txt	1	10	0.0	0.0	0.0	0.0	0.0	0
instances/10-186.txt	1	10	2.0	2.0	2.0	2.0	2.0	1
instances/10-187.txt	1	10	8.0	8.0	8.0	8.0	8.0	4
instances/10-188.txt	1	10	8.0	8.0	8.0	8.0	8.0	2
instances/10-189.txt	1	10	2.0	2.0	2.0	2.0	2.0	1
instances/10-190.txt	1	10	0.0	0.0	0.0	0.0	0.0	0
instances/10-191.txt	1	10	2.0	2.0	2.0	2.0	2.0	1
instances/10-192.txt	1	10	4.0	4.0	4.0	4.0	4.0	0
instances/10-193.txt	1	10	4.0	4.0	4.0	4.0	4.0	2
instances/10-194.txt	1	10	2.0	2.0	2.0	2.0	2.0	1
instances/10-195.txt	1	10	2.0	2.0	2.0	2.0	2.0	1
instances/10-196.txt	1	10	10.0	8.0	10.0	10.0	10.0	2
instances/10-197.txt	1	10	6.0	6.0	6.0	6.0	6.0	3
instances/10-198.txt	1	10	12.0	8.0	10.0	12.0	12.0	2
instances/10-199.txt	1	10	8.0	6.0	8.0	8.0	8.0	1
instances/20-100.txt	1	20	4.0	4.0	4.0	4.0	4.0	2
instances/20-101.txt	1	20	2.0	2.0	2.0	2.0	2.0	1
instances/20-102.txt	1	20	8.0	8.0	8.0	8.0	8.0	2
instances/20-103.txt	1	20	4.0	4.0	4.0	4.0	4.0	2
instances/20-104.txt	1	20	6.0	6.0	6.0	6.0	6.0	3
instances/20-105.txt	1	20	14.0	12.0	14.0	14.0	14.0	4
instances/20-106.txt	1	20	10.0	10.0	10.0	10.0	10.0	3
instances/20-107.txt	1	20	6.0	6.0	6.0	6.0	6.0	3
instances/20-108.txt	1	20	14.0	14.0	14.0	14.0	14.0	7
instances/20-109.txt	1	20	6.0	6.0	6.0	6.0	6.0	3
instances/20-110.txt	1	20	16.0	8.0	10.0	12.0	14.0	2
instances/20-111.txt	1	20	6.0	6.0	6.0	6.0	6.0	3
instances/20-112.txt	1	20	6.0	6.0	6.0	6.0	6.0	3
instances/20-113.txt	1	20	4.0	4.0	4.0	4.0	4.0	2
instances/20-114.txt	1	20	8.0	8.0	8.0	8.0	8.0	4
instances/20-115.txt	1	20	4.0	4.0	4.0	4.0	4.0	2
instances/20-116.txt	1	20	10.0	10.0	10.0	10.0	10.0	3
instances/20-117.txt	1	20	10.0	10.0	10.0	10.0	10.0	5
instances/20-118.txt	1	20	2.0	2.0	2.0	2.0	2.0	1
instances/20-119.txt	1	20	12.0	10.0	12.0	12.0	12.0	3
instances/20-120.txt	1	20	22.0	14.0	18.0	20.0	22.0	3
instances/20-121.txt	1	20	14.0	10.0	12.0	14.0	14.0	3
instances/20-122.txt	1	20	4.0	4.0	4.0	4.0	4.0	2
instances/20-123.txt	1	20	0.0	0.0	0.0	0.0	0.0	0
instances/20-124.txt	1	20	8.0	8.0	8.0	8.0	8.0	4
instances/20-125.txt	1	20	4.0	4.0	4.0	4.0	4.0	2
instances/20-126.txt	1	20	24.0	18.0	22.0	24.0	24.0	5
instances/20-127.txt	1	20	22.0	10.0	14.0	16.0	16.0	1
instances/20-128.txt	1	20	12.0	12.0	12.0	12.0	12.0	6
instances/20-129.txt	1	20	22.0	10.0	12.0	14.0	16.0	3
instances/20-130.txt	1	20	2.0	2.0	2.0	2.0	2.0	1
instances/20-131.txt	1	20	4.0	4.0	4.0	4.0	4.0	2
instances/20-132.txt	1	20	6.0	6.0	6.0	6.0	6.0	3
instances/20-133.txt	1	20	6.0	6.0	6.0	6.0	6.0	3
instances/20-134.txt	1	20	6.0	6.0	6.0	6.0	6.0	3
instances/20-135.txt	1	20	16.0	10.0	12.0	14.0	16.0	3
instances/20-136.txt	1	20	6.0	6.0	6.0	6.0	6.0	3
instances/20-137.txt	1	20	-0.0	0.0	0.0	0.0	0.0	0
instances/20-138.txt	1	20	22.0	14.0	16.0	18.0	20.0	3
instances/20-139.txt	1	20	10.0	10.0	10.0	10.0	10.0	5
instances/20-140.txt	1	20	18.0	10.0	12.0	14.0	16.0	3
instances/20-141.txt	1	20	6.0	6.0	6.0	6.0	6.0	3
instances/20-142.txt	1	20	10.0	10.0	10.0	10.0	10.0	3
instances/20-143.txt	1	20	8.0	8.0	8.0	8.0	8.0	4
instances/20-144.txt	1	20	10.0	10.0	10.0	10.0	10.0	5
instances/20-145.txt	1	20	10.0	10.0	10.0	10.0	10.0	5
instances/20-146.txt	1	20	16.0	12.0	12.0	16.0	16.0	4
instances/20-147.txt	1	20	4.0	4.0	4.0	4.0	4.0	2
instances/20-148.txt	1	20	18.0	10.0	12.0	14.0	16.0	3
instances/20-149.txt	1	20	10.0	10.0	10.0	10.0	10.0	3
instances/20-150.txt	1	20	12.0	12.0	12.0	12.0	12.0	4
instances/20-151.txt	1	20	2.0	2.0	2.0	2.0	2.0	1
instances/20-152.txt	1	20	22.0	18.0	20.0	22.0	22.0	7
instances/20-153.txt	1	20	16.0	14.0	16.0	16.0	16.0	5
instances/20-154.txt	1	20	10.0	10.0	10.0	10.0	10.0	5
instances/20-155.txt	1	20	10.0	10.0	10.0	10.0	10.0	5
instances/20-156.txt	1	20	-0.0	0.0	0.0	0.0	0.0	0
instances/20-157.txt	1	20	6.0	6.0	6.0	6.0	6.0	3
instances/20-158.txt	1	20	20.0	12.0	14.0	16.0	18.0	4
instances/20-159.txt	1	20	6.0	6.0	6.0	6.0	6.0	3
instances/20-160.txt	1	20	16.0	10.0	12.0	14.0	16.0	3
instances/20-161.txt	1	20	14.0	10.0	12.0	14.0	14.0	3
instances/20-162.txt	1	20	8.0	8.0	8.0	8.0	8.0	2
instances/20-163.txt	1	20	10.0	10.0	10.0	10.0	10.0	5
instances/20-164.txt	1	20	6.0	6.0	6.0	6.0	6.0	3
instances/20-165.txt	1	20	12.0	6.0	12.0	12.0	12.0	3
instances/20-166.txt	1	20	6.0	6.0	6.0	6.0	6.0	3
instances/20-167.txt	1	20	4.0	4.0	4.0	4.0	4.0	2
instances/20-168.txt	1	20	18.0	10.0	12.0	14.0	16.0	3
instances/20-169.txt	1	20	8.0	8.0	8.0	8.0	8.0	4
instances/20-170.txt	1	20	20.0	10.0	12.0	14.0	16.0	3
instances/20-171.txt	1	20	12.0	6.0	12.0	12.0	12.0	3
instances/20-172.txt	1	20	4.0	4.0	4.0	4.0	4.0	2
instances/20-173.txt	1	20	10.0	10.0	10.0	10.0	10.0	3
instances/20-174.txt	1	20	16.0	12.0	14.0	16.0	16.0	4
instances/20-175.txt	1	20	8.0	8.0	8.0	8.0	8.0	4
instances/20-176.txt	1	20	8.0	8.0	8.0	8.0	8.0	4
instances/20-177.txt	1	20	20.0	10.0	18.0	18.0	18.0	3
instances/20-178.txt	1	20	6.0	6.0	6.0	6.0	6.0	3
instances/20-179.txt	1	20	12.0	12.0	12.0	12.0	12.0	6
instances/20-180.txt	1	20	10.0	10.0	10.0	10.0	10.0	5
instances/20-181.txt	1	20	20.0	16.0	18.0	20.0	20.0	6
instances/20-182.txt	1	20	8.0	8.0	8.0	8.0	8.0	4
instances/20-183.txt	1	20	10.0	10.0	10.0	10.0	10.0	3
instances/20-184.txt	1	20	6.0	6.0	6.0	6.0	6.0	3
instances/20-185.txt	1	20	14.0	14.0	14.0	14.0	14.0	5
instances/20-186.txt	1	20	14.0	12.0	12.0	12.0	14.0	2
instances/20-187.txt	1	20	16.0	14.0	16.0	16.0	16.0	5
instances/20-188.txt	1	20	4.0	4.0	4.0	4.0	4.0	2
instances/20-189.txt	1	20	24.0	12.0	14.0	16.0	18.0	4
instances/20-190.txt	1	20	6.0	6.0	6.0	6.0	6.0	3
instances/20-191.txt	1	20	8.0	8.0	8.0	8.0	8.0	4
instances/20-192.txt	1	20	4.0	4.0	4.0	4.0	4.0	2
instances/20-193.txt	1	20	12.0	12.0	12.0	12.0	12.0	6
instances/20-194.txt	1	20	8.0	8.0	8.0	8.0	8.0	4
instances/20-195.txt	1	20	6.0	6.0	6.0	6.0	6.0	3
instances/20-196.txt	1	20	14.0	12.0	14.0	14.0	14.0	4
instances/20-197.txt	1	20	18.0	16.0	18.0	18.0	18.0	6
instances/20-198.txt	1	20	12.0	6.0	12.0	12.0	12.0	3
instances/20-199.txt	1	20	8.0	8.0	8.0	8.0	8.0	4
instances/50-100.txt	1	50	66.0	36.0	42.0	52.0	58.0	8
instances/50-101.txt	1	50	26.0	26.0	26.0	26.0	26.0	13
instances/50-102.txt	1	50	50.0	28.0	32.0	36.0	40.0	10
instances/50-103.txt	1	50	32.0	20.0	24.0	26.0	30.0	6
instances/50-104.txt	1	50	56.0	22.0	24.0	26.0	28.0	9
instances/50-105.txt	1	50	54.0	36.0	40.0	44.0	48.0	14
instances/50-106.txt	1	50	40.0	30.0	34.0	38.0	40.0	11
instances/50-107.txt	1	50	48.0	28.0	32.0	36.0	40.0	10
instances/50-108.txt	1	50	28.0	28.0	28.0	28.0	28.0	14
instances/50-109.txt	1	50	44.0	24.0	28.0	32.0	36.0	8
instances/50-110.txt	1	50	56.0	40.0	44.0	48.0	52.0	16
instances/50-111.txt	1	50	44.0	20.0	30.0	34.0	38.0	6
instances/50-112.txt	1	50	20.0	20.0	20.0	20.0	20.0	8
instances/50-113.txt	1	50	42.0	22.0	30.0	34.0	38.0	9
instances/50-114.txt	1	50	58.0	26.0	36.0	42.0	46.0	3
instances/50-115.txt	1	50	38.0	26.0	28.0	30.0	32.0	9
instances/50-116.txt	1	50	38.0	22.0	24.0	26.0	28.0	9
instances/50-117.txt	1	50	54.0	22.0	26.0	30.0	34.0	7
instances/50-118.txt	1	50	32.0	24.0	26.0	28.0	30.0	10
instances/50-119.txt	1	50	42.0	32.0	36.0	38.0	40.0	12
instances/50-120.txt	1	50	38.0	26.0	32.0	36.0	36.0	7
instances/50-121.txt	1	50	58.0	24.0	40.0	48.0	52.0	8
instances/50-122.txt	1	50	48.0	34.0	38.0	40.0	42.0	13
instances/50-123.txt	1	50	28.0	18.0	20.0	22.0	24.0	7
instances/50-124.txt	1	50	34.0	28.0	32.0	34.0	34.0	8
instances/50-125.txt	1	50	76.0	38.0	50.0	62.0	70.0	7
instances/50-126.txt	1	50	44.0	36.0	40.0	42.0	42.0	10
instances/50-127.txt	1	50	40.0	30.0	34.0	34.0	34.0	11
instances/50-128.txt	1	50	52.0	28.0	32.0	36.0	40.0	10
instances/50-129.txt	1	50	48.0	16.0	26.0	32.0	38.0	4
instances/50-130.txt	1	50	64.0	24.0	28.0	36.0	46.0	8
instances/50-131.txt	1	50	46.0	34.0	38.0	42.0	42.0	9
instances/50-132.txt	1	50	54.0	32.0	36.0	40.0	44.0	12
instances/50-133.txt	1	50	62.0	32.0	48.0	52.0	56.0	12
instances/50-134.txt	1	50	56.0	36.0	46.0	52.0	56.0	14
instances/50-135.txt	1	50	66.0	30.0	40.0	50.0	58.0	5
instances/50-136.txt	1	50	46.0	32.0	38.0	40.0	44.0	10
instances/50-137.txt	1	50	64.0	34.0	40.0	46.0	52.0	11
instances/50-138.txt	1	50	68.0	22.0	30.0	38.0	46.0	3
instances/50-139.txt	1	50	6.0	6.0	6.0	6.0	6.0	3
instances/50-140.txt	1	50	36.0	28.0	32.0	34.0	36.0	8
instances/50-141.txt	1	50	20.0	20.0	20.0	20.0	20.0	10
instances/50-142.txt	1	50	58.0	38.0	42.0	46.0	48.0	9
instances/50-143.txt	1	50	50.0	20.0	26.0	28.0	30.0	10
instances/50-144.txt	1	50	44.0	28.0	32.0	36.0	40.0	6
instances/50-145.txt	1	50	66.0	36.0	44.0	52.0	58.0	10
instances/50-146.txt	1	50	42.0	28.0	32.0	34.0	34.0	10
instances/50-147.txt	1	50	50.0	28.0	40.0	46.0	48.0	8
instances/50-148.txt	1	50	46.0	30.0	36.0	42.0	44.0	9
instances/50-149.txt	1	50	42.0	28.0	30.0	32.0	36.0	8
instances/50-150.txt	1	50	38.0	24.0	26.0	36.0	38.0	10
instances/50-151.txt	1	50	50.0	32.0	38.0	42.0	44.0	10
instances/50-152.txt	1	50	66.0	26.0	36.0	42.0	48.0	9
instances/50-153.txt	1	50	52.0	26.0	32.0	38.0	40.0	7
instances/50-154.txt	1	50	48.0	22.0	26.0	30.0	34.0	5
instances/50-155.txt	1	50	68.0	40.0	48.0	54.0	60.0	12
instances/50-156.txt	1	50	60.0	32.0	38.0	42.0	46.0	8
instances/50-157.txt	1	50	60.0	26.0	38.0	46.0	52.0	7
instances/50-158.txt	1	50	56.0	30.0	34.0	38.0	42.0	11
instances/50-159.txt	1	50	60.0	30.0	38.0	44.0	50.0	7
instances/50-160.txt	1	50	42.0	18.0	26.0	30.0	34.0	7
instances/50-161.txt	1	50	50.0	36.0	40.0	44.0	48.0	14
instances/50-162.txt	1	50	64.0	36.0	48.0	56.0	58.0	6
instances/50-163.txt	1	50	48.0	24.0	26.0	28.0	30.0	10
instances/50-164.txt	1	50	66.0	34.0	40.0	46.0	52.0	11
instances/50-165.txt	1	50	46.0	28.0	34.0	38.0	40.0	8
instances/50-166.txt	1	50	32.0	24.0	26.0	28.0	30.0	10
instances/50-167.txt	1	50	68.0	26.0	40.0	50.0	60.0	5
instances/50-168.txt	1	50	56.0	34.0	44.0	50.0	50.0	13
instances/50-169.txt	1	50	68.0	32.0	42.0	50.0	56.0	6
instances/50-170.txt	1	50	32.0	22.0	26.0	30.0	32.0	7
instances/50-171.txt	1	50	36.0	28.0	34.0	36.0	36.0	12
instances/50-172.txt	1	50	48.0	18.0	28.0	34.0	40.0	5
instances/50-173.txt	1	50	50.0	28.0	32.0	42.0	46.0	6
instances/50-174.txt	1	50	50.0	24.0	28.0	32.0	36.0	8
instances/50-175.txt	1	50	44.0	24.0	28.0	32.0	34.0	8
instances/50-176.txt	1	50	70.0	32.0	38.0	42.0	46.0	10
instances/50-177.txt	1	50	56.0	30.0	38.0	44.0	50.0	7
instances/50-178.txt	1	50	20.0	14.0	16.0	18.0	20.0	5
instances/50-179.txt	1	50	50.0	22.0	28.0	34.0	40.0	5
instances/50-180.txt	1	50	32.0	24.0	28.0	30.0	30.0	8
instances/50-181.txt	1	50	36.0	22.0	26.0	28.0	30.0	5
instances/50-182.txt	1	50	60.0	24.0	34.0	48.0	54.0	8
instances/50-183.txt	1	50	56.0	26.0	38.0	46.0	48.0	7
instances/50-184.txt	1	50	38.0	20.0	24.0	28.0	30.0	6
instances/50-185.txt	1	50	34.0	24.0	26.0	28.0	30.0	10
instances/50-186.txt	1	50	42.0	20.0	28.0	40.0	42.0	8
instances/50-187.txt	1	50	30.0	14.0	22.0	24.0	26.0	5
instances/50-188.txt	1	50	64.0	44.0	48.0	54.0	56.0	8
instances/50-189.txt	1	50	56.0	26.0	38.0	44.0	46.0	7
instances/50-190.txt	1	50	50.0	34.0	38.0	42.0	46.0	9
instances/50-191.txt	1	50	50.0	26.0	30.0	34.0	38.0	9
instances/50-192.txt	1	50	50.0	34.0	40.0	44.0	46.0	9
instances/50-193.txt	1	50	46.0	22.0	26.0	30.0	34.0	7
instances/50-194.txt	1	50	58.0	32.0	42.0	48.0	50.0	6
instances/50-195.txt	1	50	42.0	32.0	36.0	38.0	40.0	10
instances/50-196.txt	1	50	72.0	30.0	42.0	50.0	58.0	9
instances/50-197.txt	1	50	60.0	36.0	46.0	50.0	54.0	12
instances/50-198.txt	1	50	48.0	18.0	28.0	34.0	40.0	5
instances/50-199.txt	1	50	24.0	18.0	20.0	22.0	24.0	7
instances/10-100.txt	0	10	10.0	10.0	10.0	10.0	10.0	5
instances/10-101.txt	0	10	14.0	12.0	14.0	14.0	14.0	4
instances/10-102.txt	0	10	10.0	10.0	10.0	10.0	10.0	5
instances/10-103.txt	0	10	8.0	8.0	8.0	8.0	8.0	4
instances/10-104.txt	0	10	12.0	12.0	12.0	12.0	12.0	6
instances/10-105.txt	0	10	8.0	8.0	8.0	8.0	8.0	4
instances/10-106.txt	0	10	6.0	6.0	6.0	6.0	6.0	3
instances/10-107.txt	0	10	18.0	16.0	18.0	18.0	18.0	4
instances/10-108.txt	0	10	8.0	8.0	8.0	8.0	8.0	4
instances/10-109.txt	0	10	16.0	16.0	16.0	16.0	16.0	8
instances/10-110.txt	0	10	18.0	18.0	18.0	18.0	18.0	7
instances/10-111.txt	0	10	12.0	12.0	12.0	12.0	12.0	6
instances/10-112.txt	0	10	8.0	8.0	8.0	8.0	8.0	4
instances/10-113.txt	0	10	8.0	8.0	8.0	8.0	8.0	4
instances/10-114.txt	0	10	16.0	12.0	14.0	16.0	16.0	4
instances/10-115.txt	0	10	14.0	14.0	14.0	14.0	14.0	5
instances/10-116.txt	0	10	10.0	10.0	10.0	10.0	10.0	5
instances/10-117.txt	0	10	16.0	12.0	14.0	16.0	16.0	4
instances/10-118.txt	0	10	8.0	8.0	8.0	8.0	8.0	4
instances/10-119.txt	0	10	8.0	8.0	8.0	8.0	8.0	4
instances/10-120.txt	0	10	14.0	12.0	14.0	14.0	14.0	4
instances/10-121.txt	0	10	4.0	4.0	4.0	4.0	4.0	2
instances/10-122.txt	0	10	8.0	8.0	8.0	8.0	8.0	4
instances/10-123.txt	0	10	14.0	14.0	14.0	14.0	14.0	7
instances/10-124.txt	0	10	10.0	10.0	10.0	10.0	10.0	5
instances/10-125.txt	0	10	14.0	14.0	14.0	14.0	14.0	7
instances/10-126.txt	0	10	10.0	10.0	10.0	10.0	10.0	5
instances/10-127.txt	0	10	10.0	10.0	10.0	10.0	10.0	5
instances/10-128.txt	0	10	10.0	10.0	10.0	10.0	10.0	5
instances/10-129.txt	0	10	14.0	12.0	14.0	14.0	14.0	4
instances/10-130.txt	0	10	8.0	6.0	8.0	8.0	8.0	1
instances/10-131.txt	0	10	10.0	10.0	10.0	10.0	10.0	5
instances/10-132.txt	0	10	12.0	12.0	12.0	12.0	12.0	6
instances/10-133.txt	0	10	8.0	8.0	8.0	8.0	8.0	2
instances/10-134.txt	0	10	10.0	10.0	10.0	10.0	10.0	3
instances/10-135.txt	0	10	10.0	10.0	10.0	10.0	10.0	5
instances/10-136.txt	0	10	8.0	8.0	8.0	8.0	8.0	4
instances/10-137.txt	0	10	8.0	8.0	8.0	8.0	8.0	4
instances/10-138.txt	0	10	8.0	8.0	8.0	8.0	8.0	4
instances/10-139.txt	0	10	14.0	10.0	12.0	14.0	14.0	3
instances/10-140.txt	0	10	20.0	16.0	20.0	20.0	20.0	4
instances/10-141.txt	0	10	16.0	14.0	16.0	16.0	16.0	5
instances/10-142.txt	0	10	10.0	10.0	10.0	10.0	10.0	5
instances/10-143.txt	0	10	14.0	14.0	14.0	14.0	14.0	3
instances/10-144.txt	0	10	4.0	4.0	4.0	4.0	4.0	2
instances/10-145.txt	0	10	12.0	12.0	12.0	12.0	12.0	4
instances/10-146.txt	0	10	14.0	12.0	14.0	14.0	14.0	4
instances/10-147.txt	0	10	8.0	8.0	8.0	8.0	8.0	4
instances/10-148.txt	0	10	10.0	10.0	10.0	10.0	10.0	5
instances/10-149.txt	0	10	14.0	14.0	14.0	14.0	14.0	5
instances/10-150.txt	0	10	18.0	18.0	18.0	18.0	18.0	9
instances/10-151.txt	0	10	10.0	10.0	10.0	10.0	10.0	5
instances/10-152.txt	0	10	8.0	8.0	8.0	8.0	8.0	4
instances/10-153.txt	0	10	8.0	8.0	8.0	8.0	8.0	4
instances/10-154.txt	0	10	2.0	2.0	2.0	2.0	2.0	1
instances/10-155.txt	0	10	14.0	12.0	14.0	14.0	14.0	4
instances/10-156.txt	0	10	12.0	12.0	12.0	12.0	12.0	6
instances/10-157.txt	0	10	14.0	12.0	14.0	14.0	14.0	4
instances/10-158.txt	0	10	8.0	8.0	8.0	8.0	8.0	4
instances/10-159.txt	0	10	16.0	16.0	16.0	16.0	16.0	6
instances/10-160.txt	0	10	10.0	10.0	10.0	10.0	10.0	5
instances/10-161.txt	0	10	4.0	4.0	4.0	4.0	4.0	2
instances/10-162.txt	0	10	12.0	10.0	12.0	12.0	12.0	3
instances/10-163.txt	0	10	16.0	12.0	14.0	16.0	16.0	4
instances/10-164.txt	0	10	6.0	6.0	6.0	6.0	6.0	3
instances/10-165.txt	0	10	18.0	12.0	16.0	18.0	18.0	2
instances/10-166.txt	0	10	10.0	10.0	10.0	10.0	10.0	5
instances/10-167.txt	0	10	14.0	14.0	14.0	14.0	14.0	7
instances/10-168.txt	0	10	16.0	14.0	16.0	16.0	16.0	5
instances/10-169.txt	0	10	4.0	4.0	4.0	4.0	4.0	2
instances/10-170.txt	0	10	6.0	6.0	6.0	6.0	6.0	3
instances/10-171.txt	0	10	8.0	8.0	8.0	8.0	8.0	4
instances/10-172.txt	0	10	12.0	12.0	12.0	12.0	12.0	6
instances/10-173.txt	0	10	6.0	6.0	6.0	6.0	6.0	3
instances/10-174.txt	0	10	18.0	18.0	18.0	18.0	18.0	7
instances/10-175.txt	0	10	8.0	8.0	8.0	8.0	8.0	4
instances/10-176.txt	0	10	8.0	8.0	8.0	8.0	8.0	4
instances/10-177.txt	0	10	4.0	4.0	4.0	4.0	4.0	2
instances/10-178.txt	0	10	14.0	14.0	14.0	14.0	14.0	7
instances/10-179.txt	0	10	14.0	8.0	10.0	12.0	14.0	2
instances/10-180.txt	0	10	4.0	4.0	4.0	4.0	4.0	2
instances/10-181.txt	0	10	14.0	14.0	14.0	14.0	14.0	7
instances/10-182.txt	0	10	20.0	20.0	20.0	20.0	20.0	8
instances/10-183.txt	0	10	16.0	14.0	16.0	16.0	16.0	5
instances/10-184.txt	0	10	18.0	10.0	14.0	16.0	18.0	1
instances/10-185.txt	0	10	4.0	4.0	4.0	4.0	4.0	2
instances/10-186.txt	0	10	8.0	8.0	8.0	8.0	8.0	4
instances/10-187.txt	0	10	12.0	12.0	12.0	12.0	12.0	6
instances/10-188.txt	0	10	14.0	14.0	14.0	14.0	14.0	7
instances/10-189.txt	0	10	6.0	6.0	6.0	6.0	6.0	3
instances/10-190.txt	0	10	8.0	8.0	8.0	8.0	8.0	4
instances/10-191.txt	0	10	12.0	12.0	12.0	12.0	12.0	6
instances/10-192.txt	0	10	6.0	6.0	6.0	6.0	6.0	3
instances/10-193.txt	0	10	10.0	10.0	10.0	10.0	10.0	5
instances/10-194.txt	0	10	8.0	8.0	8.0	8.0	8.0	4
instances/10-195.txt	0	10	4.0	4.0	4.0	4.0	4.0	2
instances/10-196.txt	0	10	10.0	10.0	10.0	10.0	10.0	5
instances/10-197.txt	0	10	14.0	14.0	14.0	14.0	14.0	7
instances/10-198.txt	0	10	12.0	12.0	12.0	12.0	12.0	6
instances/10-199.txt	0	10	8.0	8.0	8.0	8.0	8.0	4
instances/20-100.txt	0	20	24.0	22.0	24.0	24.0	24.0	9
instances/20-101.txt	0	20	24.0	22.0	24.0	24.0	24.0	9
instances/20-102.txt	0	20	30.0	22.0	26.0	28.0	30.0	7
instances/20-103.txt	0	20	24.0	24.0	24.0	24.0	24.0	12
instances/20-104.txt	0	20	40.0	36.0	40.0	40.0	40.0	12
instances/20-105.txt	0	20	30.0	28.0	28.0	28.0	30.0	10
instances/20-106.txt	0	20	12.0	12.0	12.0	12.0	12.0	6
instances/20-107.txt	0	20	24.0	22.0	24.0	24.0	24.0	9
instances/20-108.txt	0	20	24.0	24.0	24.0	24.0	24.0	12
instances/20-109.txt	0	20	26.0	22.0	24.0	26.0	26.0	9
instances/20-110.txt	0	20	22.0	20.0	22.0	22.0	22.0	8
instances/20-111.txt	0	20	20.0	20.0	20.0	20.0	20.0	10
instances/20-112.txt	0	20	24.0	20.0	22.0	24.0	24.0	8
instances/20-113.txt	0	20	26.0	26.0	26.0	26.0	26.0	13
instances/20-114.txt	0	20	18.0	18.0	18.0	18.0	18.0	9
instances/20-115.txt	0	20	22.0	20.0	22.0	22.0	22.0	6
instances/20-116.txt	0	20	26.0	22.0	24.0	26.0	26.0	9
instances/20-117.txt	0	20	22.0	22.0	22.0	22.0	22.0	11
instances/20-118.txt	0	20	10.0	10.0	10.0	10.0	10.0	5
instances/20-119.txt	0	20	30.0	28.0	30.0	30.0	30.0	12
instances/20-120.txt	0	20	32.0	28.0	30.0	30.0	30.0	10
instances/20-121.txt	0	20	18.0	18.0	18.0	18.0	18.0	9
instances/20-122.txt	0	20	26.0	22.0	26.0	26.0	26.0	7
instances/20-123.txt	0	20	20.0	14.0	20.0	20.0	20.0	7
instances/20-124.txt	0	20	18.0	16.0	18.0	18.0	18.0	6
instances/20-125.txt	0	20	18.0	18.0	18.0	18.0	18.0	9
instances/20-126.txt	0	20	24.0	24.0	24.0	24.0	24.0	12
instances/20-127.txt	0	20	34.0	30.0	34.0	34.0	34.0	9
instances/20-128.txt	0	20	14.0	14.0	14.0	14.0	14.0	7
instances/20-129.txt	0	20	16.0	16.0	16.0	16.0	16.0	8
instances/20-130.txt	0	20	16.0	16.0	16.0	16.0	16.0	8
instances/20-131.txt	0	20	12.0	12.0	12.0	12.0	12.0	6
instances/20-132.txt	0	20	18.0	18.0	18.0	18.0	18.0	9
instances/20-133.txt	0	20	22.0	22.0	22.0	22.0	22.0	11
instances/20-134.txt	0	20	22.0	18.0	20.0	22.0	22.0	7
instances/20-135.txt	0	20	22.0	22.0	22.0	22.0	22.0	11
instances/20-136.txt	0	20	30.0	28.0	30.0	30.0	30.0	12
instances/20-137.txt	0	20	12.0	12.0	12.0	12.0	12.0	6
instances/20-138.txt	0	20	22.0	18.0	20.0	22.0	22.0	7
instances/20-139.txt	0	20	22.0	18.0	20.0	22.0	22.0	7
instances/20-140.txt	0	20	34.0	28.0	30.0	32.0	34.0	12
instances/20-141.txt	0	20	22.0	22.0	22.0	22.0	22.0	11
instances/20-142.txt	0	20	22.0	22.0	22.0	22.0	22.0	11
instances/20-143.txt	0	20	18.0	18.0	18.0	18.0	18.0	9
instances/20-144.txt	0	20	30.0	26.0	28.0	30.0	30.0	11
instances/20-145.txt	0	20	32.0	28.0	30.0	30.0	30.0	10
instances/20-146.txt	0	20	20.0	20.0	20.0	20.0	20.0	10
instances/20-147.txt	0	20	18.0	18.0	18.0	18.0	18.0	9
instances/20-148.txt	0	20	22.0	22.0	22.0	22.0	22.0	9
instances/20-149.txt	0	20	20.0	18.0	20.0	20.0	20.0	7
instances/20-150.txt	0	20	26.0	26.0	26.0	26.0	26.0	13
instances/20-151.txt	0	20	24.0	20.0	22.0	24.0	24.0	8
instances/20-152.txt	0	20	18.0	18.0	18.0	18.0	18.0	9
instances/20-153.txt	0	20	20.0	20.0	20.0	20.0	20.0	10
instances/20-154.txt	0	20	32.0	24.0	28.0	30.0	32.0	8
instances/20-155.txt	0	20	32.0	32.0	32.0	32.0	32.0	14
instances/20-156.txt	0	20	16.0	10.0	12.0	14.0	16.0	3
instances/20-157.txt	0	20	30.0	28.0	30.0	30.0	30.0	12
instances/20-158.txt	0	20	24.0	18.0	20.0	22.0	24.0	7
instances/20-159.txt	0	20	24.0	24.0	24.0	24.0	24.0	12
instances/20-160.txt	0	20	18.0	18.0	18.0	18.0	18.0	7
instances/20-161.txt	0	20	18.0	18.0	18.0	18.0	18.0	9
instances/20-162.txt	0	20	20.0	20.0	20.0	20.0	20.0	8
instances/20-163.txt	0	20	20.0	20.0	20.0	20.0	20.0	10
instances/20-164.txt	0	20	24.0	24.0	24.0	24.0	24.0	10
instances/20-165.txt	0	20	30.0	30.0	30.0	30.0	30.0	15
instances/20-166.txt	0	20	26.0	22.0	24.0	26.0	26.0	9
instances/20-167.txt	0	20	26.0	20.0	22.0	24.0	26.0	8
instances/20-168.txt	0	20	18.0	18.0	18.0	18.0	18.0	9
instances/20-169.txt	0	20	14.0	14.0	14.0	14.0	14.0	7
instances/20-170.txt	0	20	28.0	22.0	24.0	26.0	28.0	9
instances/20-171.txt	0	20	28.0	28.0	28.0	28.0	28.0	14
instances/20-172.txt	0	20	22.0	20.0	22.0	22.0	22.0	8
instances/20-173.txt	0	20	24.0	18.0	20.0	22.0	24.0	7
instances/20-174.txt	0	20	28.0	28.0	28.0	28.0	28.0	12
instances/20-175.txt	0	20	32.0	28.0	32.0	32.0	32.0	10
instances/20-176.txt	0	20	30.0	26.0	28.0	30.0	30.0	11
instances/20-177.txt	0	20	20.0	14.0	20.0	20.0	20.0	7
instances/20-178.txt	0	20	16.0	16.0	16.0	16.0	16.0	8
instances/20-179.txt	0	20	20.0	20.0	20.0	20.0	20.0	10
instances/20-180.txt	0	20	14.0	14.0	14.0	14.0	14.0	7
instances/20-181.txt	0	20	38.0	28.0	34.0	38.0	38.0	8
instances/20-182.txt	0	20	20.0	20.0	20.0	20.0	20.0	10
instances/20-183.txt	0	20	18.0	18.0	18.0	18.0	18.0	9
instances/20-184.txt	0	20	30.0	26.0	28.0	30.0	30.0	11
instances/20-185.txt	0	20	24.0	18.0	20.0	22.0	24.0	7
instances/20-186.txt	0	20	22.0	20.0	22.0	22.0	22.0	8
instances/20-187.txt	0	20	28.0	24.0	26.0	28.0	28.0	10
instances/20-188.txt	0	20	22.0	22.0	22.0	22.0	22.0	11
instances/20-189.txt	0	20	30.0	28.0	30.0	30.0	30.0	10
instances/20-190.txt	0	20	16.0	16.0	16.0	16.0	16.0	8
instances/20-191.txt	0	20	20.0	20.0	20.0	20.0	20.0	8
instances/20-192.txt	0	20	20.0	20.0	20.0	20.0	20.0	10
instances/20-193.txt	0	20	22.0	22.0	22.0	22.0	22.0	11
instances/20-194.txt	0	20	22.0	22.0	22.0	22.0	22.0	11
instances/20-195.txt	0	20	22.0	20.0	22.0	22.0	22.0	8
instances/20-196.txt	0	20	32.0	26.0	30.0	32.0	32.0	9
instances/20-197.txt	0	20	26.0	26.0	26.0	26.0	26.0	13
instances/20-198.txt	0	20	26.0	26.0	26.0	26.0	26.0	13
instances/20-199.txt	0	20	26.0	22.0	24.0	26.0	26.0	9
instances/50-100.txt	0	50	56.0	52.0	56.0	56.0	56.0	20
instances/50-101.txt	0	50	70.0	66.0	68.0	70.0	70.0	31
instances/50-102.txt	0	50	60.0	52.0	58.0	60.0	60.0	20
instances/50-103.txt	0	50	52.0	46.0	50.0	52.0	52.0	19
instances/50-104.txt	0	50	68.0	62.0	66.0	68.0	68.0	27
instances/50-105.txt	0	50	86.0	78.0	86.0	86.0	86.0	31
instances/50-106.txt	0	50	64.0	50.0	56.0	60.0	64.0	19
instances/50-107.txt	0	50	68.0	56.0	62.0	66.0	68.0	22
instances/50-108.txt	0	50	74.0	70.0	74.0	74.0	74.0	31
instances/50-109.txt	0	50	68.0	54.0	64.0	68.0	68.0	17
instances/50-110.txt	0	50	66.0	60.0	62.0	64.0	66.0	28
instances/50-111.txt	0	50	36.0	36.0	36.0	36.0	36.0	18
instances/50-112.txt	0	50	54.0	44.0	50.0	54.0	54.0	16
instances/50-113.txt	0	50	54.0	46.0	50.0	54.0	54.0	19
instances/50-114.txt	0	50	44.0	38.0	42.0	44.0	44.0	15
instances/50-115.txt	0	50	48.0	44.0	46.0	48.0	48.0	20
instances/50-116.txt	0	50	62.0	56.0	58.0	60.0	62.0	26
instances/50-117.txt	0	50	68.0	48.0	54.0	60.0	66.0	18
instances/50-118.txt	0	50	60.0	54.0	60.0	60.0	60.0	21
instances/50-119.txt	0	50	60.0	54.0	60.0	60.0	60.0	21
instances/50-120.txt	0	50	56.0	50.0	52.0	54.0	56.0	23
instances/50-121.txt	0	50	60.0	56.0	58.0	60.0	60.0	22
instances/50-122.txt	0	50	66.0	62.0	64.0	66.0	66.0	25
instances/50-123.txt	0	50	58.0	50.0	56.0	58.0	58.0	19
instances/50-124.txt	0	50	66.0	60.0	64.0	66.0	66.0	26
instances/50-125.txt	0	50	62.0	58.0	60.0	62.0	62.0	25
instances/50-126.txt	0	50	64.0	54.0	60.0	64.0	64.0	21
instances/50-127.txt	0	50	56.0	44.0	48.0	52.0	56.0	18
instances/50-128.txt	0	50	60.0	52.0	54.0	56.0	58.0	24
instances/50-129.txt	0	50	66.0	60.0	66.0	66.0	66.0	24
instances/50-130.txt	0	50	54.0	54.0	54.0	54.0	54.0	27
instances/50-131.txt	0	50	64.0	56.0	60.0	64.0	64.0	24
instances/50-132.txt	0	50	64.0	58.0	64.0	64.0	64.0	23
instances/50-133.txt	0	50	64.0	58.0	62.0	64.0	64.0	25
instances/50-134.txt	0	50	66.0	58.0	62.0	64.0	66.0	25
instances/50-135.txt	0	50	78.0	64.0	74.0	78.0	78.0	22
instances/50-136.txt	0	50	72.0	66.0	72.0	72.0	72.0	27
instances/50-137.txt	0	50	58.0	56.0	58.0	58.0	58.0	26
instances/50-138.txt	0	50	66.0	56.0	60.0	64.0	66.0	24
instances/50-139.txt	0	50	36.0	30.0	32.0	34.0	36.0	13
instances/50-140.txt	0	50	62.0	56.0	60.0	62.0	62.0	24
instances/50-141.txt	0	50	50.0	48.0	50.0	50.0	50.0	22
instances/50-142.txt	0	50	60.0	52.0	56.0	58.0	60.0	22
instances/50-143.txt	0	50	58.0	48.0	52.0	56.0	58.0	20
instances/50-144.txt	0	50	48.0	48.0	48.0	48.0	48.0	24
instances/50-145.txt	0	50	66.0	60.0	66.0	66.0	66.0	22
instances/50-146.txt	0	50	64.0	60.0	64.0	64.0	64.0	26
instances/50-147.txt	0	50	68.0	60.0	66.0	68.0	68.0	24
instances/50-148.txt	0	50	46.0	42.0	44.0	46.0	46.0	19
instances/50-149.txt	0	50	56.0	52.0	54.0	56.0	56.0	24
instances/50-150.txt	0	50	52.0	44.0	46.0	48.0	50.0	20
instances/50-151.txt	0	50	76.0	62.0	74.0	74.0	76.0	19
instances/50-152.txt	0	50	58.0	54.0	58.0	58.0	58.0	23
instances/50-153.txt	0	50	54.0	50.0	54.0	54.0	54.0	21
instances/50-154.txt	0	50	52.0	42.0	46.0	50.0	52.0	17
instances/50-155.txt	0	50	72.0	64.0	70.0	72.0	72.0	26
instances/50-156.txt	0	50	60.0	58.0	60.0	60.0	60.0	25
instances/50-157.txt	0	50	60.0	54.0	58.0	60.0	60.0	23
instances/50-158.txt	0	50	60.0	56.0	60.0	60.0	60.0	24
instances/50-159.txt	0	50	64.0	54.0	62.0	64.0	64.0	19
instances/50-160.txt	0	50	60.0	54.0	58.0	60.0	60.0	23
instances/50-161.txt	0	50	74.0	66.0	74.0	74.0	74.0	25
instances/50-162.txt	0	50	68.0	56.0	66.0	66.0	68.0	18
instances/50-163.txt	0	50	56.0	52.0	56.0	56.0	56.0	22
instances/50-164.txt	0	50	78.0	70.0	78.0	78.0	78.0	25
instances/50-165.txt	0	50	52.0	48.0	52.0	52.0	52.0	20
instances/50-166.txt	0	50	48.0	48.0	48.0	48.0	48.0	24
instances/50-167.txt	0	50	70.0	66.0	70.0	70.0	70.0	27
instances/50-168.txt	0	50	70.0	62.0	70.0	70.0	70.0	23
instances/50-169.txt	0	50	62.0	58.0	62.0	62.0	62.0	25
instances/50-170.txt	0	50	52.0	50.0	52.0	52.0	52.0	23
instances/50-171.txt	0	50	66.0	60.0	66.0	66.0	66.0	22
instances/50-172.txt	0	50	66.0	50.0	58.0	62.0	66.0	17
instances/50-173.txt	0	50	64.0	54.0	64.0	64.0	64.0	21
instances/50-174.txt	0	50	58.0	48.0	52.0	56.0	58.0	20
instances/50-175.txt	0	50	60.0	54.0	58.0	60.0	60.0	23
instances/50-176.txt	0	50	66.0	56.0	62.0	66.0	66.0	22
instances/50-177.txt	0	50	64.0	56.0	58.0	60.0	62.0	26
instances/50-178.txt	0	50	58.0	50.0	52.0	54.0	56.0	23
instances/50-179.txt	0	50	70.0	54.0	60.0	64.0	68.0	21
instances/50-180.txt	0	50	46.0	42.0	46.0	46.0	46.0	15
instances/50-181.txt	0	50	66.0	56.0	62.0	66.0	66.0	22
instances/50-182.txt	0	50	60.0	56.0	58.0	60.0	60.0	20
instances/50-183.txt	0	50	70.0	60.0	68.0	70.0	70.0	22
instances/50-184.txt	0	50	68.0	60.0	64.0	68.0	68.0	26
instances/50-185.txt	0	50	60.0	54.0	58.0	60.0	60.0	19
instances/50-186.txt	0	50	54.0	50.0	54.0	54.0	54.0	21
instances/50-187.txt	0	50	62.0	48.0	52.0	56.0	60.0	20
instances/50-188.txt	0	50	58.0	52.0	58.0	58.0	58.0	20
instances/50-189.txt	0	50	64.0	56.0	60.0	62.0	64.0	24
instances/50-190.txt	0	50	42.0	42.0	42.0	42.0	42.0	21
instances/50-191.txt	0	50	66.0	58.0	64.0	66.0	66.0	23
instances/50-192.txt	0	50	66.0	60.0	66.0	66.0	66.0	24
instances/50-193.txt	0	50	72.0	62.0	66.0	70.0	72.0	27
instances/50-194.txt	0	50	64.0	58.0	64.0	64.0	64.0	23
instances/50-195.txt	0	50	70.0	64.0	70.0	70.0	70.0	26
instances/50-196.txt	0	50	72.0	58.0	64.0	70.0	72.0	23
instances/50-197.txt	0	50	62.0	54.0	60.0	60.0	62.0	21
instances/50-198.txt	0	50	48.0	46.0	48.0	48.0	48.0	21
instances/50-199.txt	0	50	56.0	50.0	54.0	56.0	56.0	21
